################################################################################ raw data:
# normal
time:[17.999533, 17.98449, 18.004319, 18.091145, 18.01756, 17.997728, 16.743643, 17.975668, 17.989737, 17.992314]
cpu:[154.26, 148.68666666666667, 151.53333333333333, 155.10666666666665, 158.83333333333334, 157.87333333333333, 155.4714285714286, 159.58666666666667, 154.2, 147.19333333333333]
memory:[12.119002479218318, 12.137362362521039, 12.139433661711752, 12.195753273040209, 12.100882133917242, 12.082944964735074, 12.138990818347363, 12.103108428285493, 12.070193088765034, 12.129612603644219]
rss:[223.98046875, 224.31979166666667, 224.35807291666666, 225.39895833333333, 223.64557291666668, 223.3140625, 224.34988839285714, 223.68671875, 223.07838541666666, 224.1765625]
pss:[116.7521484375, 116.8134765625, 117.63268229166667, 116.93893229166666, 116.21158854166667, 116.57649739583333, 116.39118303571429, 116.3890625, 116.41341145833333, 116.240625]
uss:[101.46458333333334, 101.41302083333333, 102.24713541666667, 101.67291666666667, 100.70520833333333, 101.05416666666666, 100.677734375, 100.85130208333334, 100.78958333333334, 100.6765625]
# dynamic composition with component_container_isolated
time:[18.015658, 18.036076, 18.019208, 18.01998, 18.040308, 18.026139, 18.029109, 18.020097, 18.026932, 18.017744]
cpu:[126.33125, 118.075, 126.74375, 117.875, 121.2625, 120.84375, 123.1375, 115.08125, 118.33125, 123.1]
memory:[4.390824038906608, 4.3943246402174445, 4.365078107001626, 4.382330127046729, 4.395288956804958, 4.417124783094817, 4.381828154028571, 4.37354559922897, 4.357442833199122, 4.366835012565177]
rss:[81.150146484375, 81.21484375, 80.67431640625, 80.9931640625, 81.232666015625, 81.63623046875, 80.98388671875, 80.830810546875, 80.533203125, 80.706787109375]
pss:[78.618896484375, 78.76953125, 78.56640625, 78.5380859375, 78.70263671875, 78.8994140625, 78.638671875, 78.49169921875, 78.784912109375, 78.347412109375]
uss:[76.250244140625, 76.38623046875, 76.17431640625, 76.18505859375, 76.3251953125, 76.52880859375, 76.24365234375, 76.1162109375, 76.368408203125, 75.960205078125]
# dynamic composition with component_container_isolated2
time:[18.025217, 18.022149, 18.034572, 18.027777, 18.039205, 18.022595, 18.029291, 18.040818, 18.030155, 18.021736]
cpu:[109.45, 108.63125, 108.29375, 110.21875, 113.44375, 107.5375, 109.36874999999999, 106.9125, 114.70625, 107.64375]
memory:[4.362911697133787, 4.395170068458552, 4.379952360118613, 4.395896608353254, 4.40420558278539, 4.386861094026416, 4.331710111110406, 4.4006125127606825, 4.383003827676362, 4.381286551561612]
rss:[80.63427734375, 81.23046875, 80.94921875, 81.243896484375, 81.3974609375, 81.076904296875, 80.0576171875, 81.3310546875, 81.005615234375, 80.973876953125]
pss:[78.341064453125, 78.74169921875, 78.6685791015625, 78.5009765625, 78.735107421875, 78.869384765625, 78.2958984375, 78.7119140625, 78.7158203125, 78.736083984375]
uss:[75.919677734375, 76.3466796875, 76.282470703125, 76.13818359375, 76.367431640625, 76.534912109375, 75.96923828125, 76.37255859375, 76.34814453125, 76.324462890625]
# dynamic composition with component_container_mt
time:[18.018866, 18.014273, 18.016996, 16.893014, 18.023083, 18.022947, 18.016933, 18.013868, 18.013903, 18.019245]
cpu:[150.61875, 141.925, 154.26875, 138.42666666666668, 141.7125, 133.98125, 132.33125, 132.125, 141.6625, 136.24375]
memory:[4.2910238770071, 4.266519667831244, 4.2744587674078955, 4.150742673483636, 4.248210862484756, 4.262279316809439, 4.2709713759133265, 4.265727078855205, 4.201791568121437, 4.219043588166541]
rss:[79.3056640625, 78.852783203125, 78.99951171875, 76.71302083333333, 78.514404296875, 78.7744140625, 78.93505859375, 78.838134765625, 77.656494140625, 77.975341796875]
pss:[76.24981689453125, 76.35009765625, 76.016845703125, 73.85188802083333, 75.53173828125, 75.611328125, 75.6142578125, 76.026123046875, 74.9619140625, 75.0009765625]
uss:[73.88916015625, 73.978515625, 73.6376953125, 71.49192708333334, 73.0673828125, 73.20849609375, 73.211669921875, 73.668212890625, 72.59033203125, 72.634521484375]
# manual composition
time:[18.033196, 18.011407, 16.981825, 18.012519, 18.006148, 18.007614, 18.006799, 18.011668, 18.015352, 18.007992]
cpu:[111.36875, 112.575, 112.96666666666667, 108.85625, 109.675, 114.175, 108.85625, 110.36875, 112.60625, 103.60625]
memory:[4.267114109563273, 4.239862258603817, 4.170455241972131, 4.269003113289497, 4.259333527781829, 4.240919043905202, 4.276043945359973, 4.27782727055606, 4.265159056755711, 4.249545053927754]
rss:[78.86376953125, 78.360107421875, 77.07734375, 78.898681640625, 78.719970703125, 78.379638671875, 79.02880859375, 79.061767578125, 78.82763671875, 78.5390625]
pss:[78.05908203125, 77.97998046875, 76.4994140625, 77.709228515625, 77.972900390625, 77.753173828125, 78.06787109375, 78.298095703125, 78.1025390625, 78.0380859375]
uss:[76.74609375, 76.640869140625, 75.2, 76.381591796875, 76.678466796875, 76.479248046875, 76.685546875, 77.004638671875, 76.82470703125, 76.75146484375]
################################################################################ statistics data:
                case             time(s)              cpu(%)           memory(%)             rss(MB)             pss(MB)             uss(MB)
              case 1      17.8796±0.3799     154.2745±3.9111      12.1217±0.0337     224.0308±0.6225     116.6360±0.4050     101.1552±0.5018
              case 2      18.0251±0.0078     121.0781±3.6180       4.3825±0.0168      80.9956±0.3109      78.6358±0.1525      76.2538±0.1509
              case 3      18.0294±0.0066     109.6206±2.4342       4.3822±0.0203      80.9900±0.3755      78.6317±0.1787      76.2604±0.1830
              case 4      17.9053±0.3374     140.3295±7.0591       4.2451±0.0404      78.4565±0.7459      75.5215±0.7145      73.1378±0.7127
              case 5      17.9095±0.3093     110.5054±2.8760       4.2515±0.0299      78.5757±0.5518      77.8480±0.4771      76.5393±0.4753
