################################################################################ raw data:
# normal
time:[18.372089, 18.356905, 18.473885, 18.300254, 18.350472, 19.565001, 19.553851, 18.371245, 19.583389, 18.390113]
cpu:[51.7375, 47.95, 52.3375, 49.86875, 49.19375, 43.33529411764706, 45.04705882352942, 50.56875, 44.235294117647065, 51.79375]
memory:[1.52145588387027, 1.5182607317804167, 1.522590539033366, 1.5208923947703297, 1.522349482388432, 1.5201702183248857, 1.5269490671604584, 1.5263706757201605, 1.5154823936345005, 1.5310305923913308]
rss:[241.924560546875, 241.41650390625, 242.10498046875, 241.8349609375, 242.066650390625, 241.72012867647058, 242.7980238970588, 242.7060546875, 240.97472426470588, 243.447021484375]
pss:[118.5213623046875, 118.78125, 118.5823974609375, 118.94647216796875, 118.98089599609375, 119.16297104779412, 118.86471737132354, 119.53643798828125, 118.14711626838235, 119.0035400390625]
uss:[101.7431640625, 102.043212890625, 101.792724609375, 102.18359375, 102.140625, 102.37683823529412, 101.97817095588235, 102.7734375, 101.40257352941177, 102.10693359375]
# dynamic composition with component_container_isolated
time:[18.935294, 18.943957, 18.958363, 18.930458, 18.938387, 18.929471, 18.936391, 18.99981, 18.914025, 18.948755]
cpu:[35.076470588235296, 46.57058823529412, 37.05882352941176, 36.66470588235294, 35.858823529411765, 37.294117647058826, 35.870588235294115, 47.141176470588235, 43.470588235294116, 46.641176470588235]
memory:[0.44937510603240954, 0.44493005401402935, 0.4425861416688367, 0.4473707864129384, 0.4496959127775592, 0.44671761231921026, 0.4455398758448995, 0.4496395548358438, 0.4459502772666225, 0.4470413092152171]
rss:[71.4545036764706, 70.74770220588235, 70.375, 71.13579963235294, 71.50551470588235, 71.03193933823529, 70.84466911764706, 71.49655330882354, 70.90992647058823, 71.0834099264706]
pss:[67.6279296875, 67.47547104779412, 67.80905330882354, 67.85139016544117, 67.58582261029412, 68.03061810661765, 67.45927159926471, 67.98879825367646, 67.65963924632354, 67.83283547794117]
uss:[64.6615349264706, 64.58318014705883, 64.8931525735294, 64.9165900735294, 64.6314338235294, 65.11488970588235, 64.50160845588235, 65.0365349264706, 64.73782169117646, 64.87729779411765]
# dynamic composition with component_container_isolated2
time:[18.930444, 18.93989, 18.942507, 18.921253, 20.058225, 18.934017, 18.967223, 18.907704, 18.967515, 18.965604]
cpu:[31.594117647058823, 32.04705882352941, 31.94705882352941, 41.23529411764706, 32.455555555555556, 32.8, 40.03529411764706, 38.81764705882353, 41.076470588235296, 38.92941176470588]
memory:[0.4481814737283842, 0.4448838116003141, 0.4502594921947141, 0.4478664472849489, 0.45069847399713614, 0.4465832203043502, 0.4484444774563898, 0.45173924943360266, 0.448716151636967, 0.4521915580427552]
rss:[71.26470588235294, 70.74034926470588, 71.5951286764706, 71.21461397058823, 71.66493055555556, 71.01056985294117, 71.30652573529412, 71.83042279411765, 71.34972426470588, 71.90234375]
pss:[67.48454733455883, 67.556640625, 67.78423713235294, 67.6646369485294, 67.58582899305556, 67.43623621323529, 67.82450597426471, 67.89993106617646, 67.71024816176471, 67.82329963235294]
uss:[64.5599724264706, 64.6341911764706, 64.85225183823529, 64.70427389705883, 64.65603298611111, 64.46760110294117, 64.86328125, 64.9517463235294, 64.76746323529412, 64.89108455882354]
# dynamic composition with component_container_mt
time:[18.909949, 18.951455, 17.824252, 18.976001, 18.941164, 18.911316, 18.919646, 18.935374, 18.935799, 18.963191]
cpu:[47.15294117647059, 49.36470588235294, 47.49375, 49.294117647058826, 49.95294117647059, 44.07058823529412, 44.35294117647059, 46.911764705882355, 42.49411764705882, 41.705882352941174]
memory:[0.4419792099888238, 0.4456583720300449, 0.44365938112621667, 0.44234914929854596, 0.44231735763911667, 0.4407812424585126, 0.44295174575227303, 0.43644168094642033, 0.4397884756390629, 0.44128990900938053]
rss:[70.27849264705883, 70.86351102941177, 70.545654296875, 70.3373161764706, 70.33226102941177, 70.08800551470588, 70.43313419117646, 69.39797794117646, 69.93014705882354, 70.16888786764706]
pss:[66.57680376838235, 67.32651654411765, 66.69329833984375, 66.74322150735294, 66.77234604779412, 66.5755974264706, 66.98552389705883, 66.22931985294117, 66.66624540441177, 66.61569393382354]
uss:[63.63028492647059, 64.390625, 63.760009765625, 63.8000919117647, 63.849264705882355, 63.6335018382353, 64.01585477941177, 63.321920955882355, 63.73345588235294, 63.67624080882353]
# manual composition
time:[17.837902, 18.933272, 18.958143, 18.922608, 17.812053, 18.919305, 18.935137, 18.923171, 18.936528, 18.931108]
cpu:[38.19375, 30.41764705882353, 41.73529411764706, 39.247058823529414, 38.40625, 29.705882352941178, 40.22941176470588, 39.26470588235294, 30.94705882352941, 37.870588235294115]
memory:[0.4316311151618181, 0.4314619510194574, 0.4302061804720021, 0.431209062819452, 0.4333016223572822, 0.42951543441713025, 0.4315428752434591, 0.4278377018445232, 0.4338260944206505, 0.4289677508296901]
rss:[68.633056640625, 68.60615808823529, 68.40647977941177, 68.56594669117646, 68.898681640625, 68.29664522058823, 68.61902573529412, 68.0298713235294, 68.98207720588235, 68.2095588235294]
pss:[67.1361083984375, 67.1314338235294, 66.7509765625, 67.15257352941177, 67.3648681640625, 67.06956571691177, 67.2320197610294, 67.0419921875, 67.46507352941177, 67.04802389705883]
uss:[65.31103515625, 65.4126838235294, 64.9857536764706, 65.41176470588235, 65.547607421875, 65.25367647058823, 65.44485294117646, 65.30537683823529, 65.69048713235294, 65.27734375]
################################################################################ statistics data:
                case             time(s)              cpu(%)           memory(%)             rss(MB)             pss(MB)             uss(MB)
              case 1      18.7317±0.5486      48.6068±3.1570       1.5226±0.0043     242.0994±0.6818     118.8527±0.3602     102.0541±0.3527
              case 2      18.9435±0.0219      40.1647±4.8537       0.4469±0.0022      71.0585±0.3446      67.7321±0.1906      64.7954±0.1925
              case 3      19.0534±0.3355      36.0938±4.0020       0.4490±0.0022      71.3879±0.3457      67.6770±0.1495      64.7348±0.1490
              case 4      18.8268±0.3348      46.2794±2.8031       0.4417±0.0023      70.2375±0.3704      66.7185±0.2717      63.7811±0.2647
              case 5      18.7109±0.4431      36.6018±4.2282       0.4309±0.0018      68.5248±0.2807      67.1393±0.1842      65.3641±0.1790
